-----------------------------------------------------------------------------------------------------------------------------
ENTER THIS SCRIPT INTO THE TABLE

local aTimer = ni
local aTimerInterval = 1000
local aTimerTicks = 0
local aTimerTickMax = 0
local function aTimer_tick(timer)
   if aTimerTickMax > 0 and aTimerTicks >= aTimerTickMax then
      timer.destroy()
   end
   aTimerTicks = aTimerTicks + 1
   openProcess("RecRoom.exe")
   if b == 0 or b == 255 then
      openProcess("RecRoom.exe")
   end

end
aTimer = createTimer(MainForm, false)
aTimer.Interval = aTimerInterval
aTimer.OnTimer = aTimer_tick
aTimer.Enabled = true
-----------------------------------------------------------------------------------------------------------------------------
 
----------------------------------------------------------------------------------------------------------------------------------------------------------------------------------------------------------------------------------------------------------------------------------------------------------------------------------------------------------------------------------------------------------------
SWAP THESE ID'S FOR CUSTOMIZATION IN ANY MAP

notifications menu = 63 00 66 00 34 00 30 00 62 00 62 00 34 00 61 00 38 00 39 00 39 00 61 00 63 00 64 00 61 00 34 00 31 00 38 00 61 00 32 00 34 00 63 00 33 00 66 00 38 00 35 00 32 00 64 00 34 00 39 00 35 00 65 00

customization menu = 61 00 39 00 37 00 39 00 38 00 63 00 61 00 64 00 66 00 31 00 30 00 32 00 33 00 65 00 66 00 34 00 63 00 61 00 31 00 36 00 39 00 33 00 64 00 34 00 33 00 63 00 66 00 65 00 62 00 39 00 39 00 39 00
----------------------------------------------------------------------------------------------------------------------------------------------------------------------------------------------------------------------------------------------------------------------------------------------------------------------------------------------------------------------------------------------------------------

-------------------------------------------------------------------------------------------------------------------------------------------------------------------------------------------------------------------------------------------------------------------------------------------------------------------------------------------------------------------------------------------------------------------------------------------------------------------
ITEMS ALREADY RELEASED TO SWAP FOR RARE AND UNRELEASED CLOTHING

horseshoe earing = 39 00 63 00 34 00 39 00 37 00 36 00 63 00 31 00 2D 00 61 00 30 00 65 00 62 00 2D 00 34 00 61 00 31 00 65 00 2D 00 62 00 35 00 63 00 64 00 2D 00 30 00 38 00 64 00 34 00 34 00 61 00 34 00 62 00 33 00 30 00 31 00 31 00
idek but its a beard = 63 00 63 00 39 00 36 00 66 00 38 00 61 00 35 00 2D 00 62 00 63 00 35 00 62 00 2D 00 34 00 66 00 38 00 39 00 2D 00 38 00 33 00 62 00 37 00 2D 00 65 00 63 00 64 00 35 00 33 00 39 00 30 00 35 00 61 00 64 00 61 00 37 00
cowgirl hat = 32 00 61 00 36 00 31 00 63 00 38 00 34 00 34 00 2D 00 38 00 31 00 63 00 36 00 2D 00 34 00 66 00 38 00 32 00 2D 00 39 00 63 00 37 00 35 00 2D 00 36 00 36 00 63 00 66 00 33 00 30 00 38 00 65 00 64 00 34 00 65 00 31 00
cleric shirt = 31 00 62 00 64 00 38 00 39 00 31 00 62 00 31 00 2D 00 36 00 65 00 63 00 30 00 2D 00 34 00 32 00 32 00 37 00 2D 00 39 00 65 00 64 00 38 00 2D 00 37 00 33 00 63 00 35 00 39 00 61 00 66 00 34 00 66 00 38 00 31 00 39 00
bountyhunter shirt = 39 00 66 00 66 00 61 00 36 00 65 00 30 00 36 00 2D 00 35 00 32 00 30 00 30 00 2D 00 34 00 65 00 35 00 33 00 2D 00 61 00 63 00 31 00 33 00 2D 00 66 00 38 00 34 00 39 00 31 00 61 00 65 00 63 00 63 00 38 00 36 00 34 00
bountyhunter hat = 32 00 66 00 61 00 64 00 64 00 64 00 63 00 31 00 2D 00 62 00 61 00 62 00 64 00 2D 00 34 00 63 00 62 00 33 00 2D 00 38 00 66 00 35 00 61 00 2D 00 30 00 65 00 37 00 63 00 38 00 38 00 39 00 63 00 33 00 37 00 38 00 35 00
bard hat = 62 00 31 00 37 00 35 00 39 00 31 00 62 00 61 00 2D 00 33 00 63 00 32 00 64 00 2D 00 34 00 33 00 30 00 39 00 2D 00 61 00 62 00 30 00 31 00 2D 00 62 00 36 00 37 00 34 00 33 00 34 00 32 00 34 00 65 00 30 00 37 00 65 00
bard shirt = 66 00 32 00 33 00 65 00 38 00 36 00 65 00 62 00 2D 00 38 00 62 00 35 00 39 00 2D 00 34 00 62 00 33 00 32 00 2D 00 61 00 37 00 32 00 61 00 2D 00 35 00 64 00 33 00 38 00 32 00 35 00 36 00 38 00 65 00 33 00 39 00 39 00
barbarian hat = 30 00 37 00 30 00 32 00 33 00 36 00 39 00 32 00 2D 00 39 00 37 00 65 00 31 00 2D 00 34 00 61 00 36 00 35 00 2D 00 61 00 38 00 38 00 31 00 2D 00 36 00 34 00 63 00 61 00 36 00 62 00 34 00 61 00 65 00 30 00 38 00 65 00
barbarian shirt = 65 00 34 00 38 00 39 00 35 00 35 00 61 00 65 00 2D 00 35 00 30 00 65 00 30 00 2D 00 34 00 66 00 35 00 35 00 2D 00 39 00 33 00 61 00 31 00 2D 00 36 00 31 00 31 00 31 00 35 00 30 00 31 00 34 00 32 00 33 00 33 00 31 00
banker shirt = 37 00 36 00 34 00 62 00 34 00 63 00 34 00 65 00 2D 00 31 00 30 00 30 00 39 00 2D 00 34 00 37 00 37 00 32 00 2D 00 62 00 30 00 31 00 66 00 2D 00 37 00 62 00 33 00 32 00 36 00 64 00 64 00 37 00 37 00 65 00 38 00 61 00
banker hat = 36 00 32 00 65 00 34 00 38 00 30 00 64 00 65 00 2D 00 32 00 37 00 65 00 39 00 2D 00 34 00 37 00 31 00 39 00 2D 00 61 00 64 00 61 00 63 00 2D 00 33 00 36 00 30 00 36 00 39 00 38 00 63 00 37 00 61 00 32 00 63 00 31 00
monarch butterfly wings = 63 00 35 00 30 00 36 00 66 00 65 00 61 00 65 00 2D 00 62 00 65 00 37 00 33 00 2D 00 34 00 33 00 37 00 62 00 2D 00 62 00 31 00 38 00 61 00 2D 00 31 00 31 00 35 00 32 00 62 00 62 00 39 00 39 00 30 00 36 00 65 00 39 00
shagg hair = 31 00 61 00 37 00 31 00 30 00 36 00 34 00 62 00 2D 00 37 00 39 00 34 00 66 00 2D 00 34 00 30 00 66 00 61 00 2D 00 39 00 31 00 30 00 39 00 2D 00 38 00 61 00 64 00 33 00 36 00 36 00 30 00 32 00 62 00 36 00 65 00 31 00
default v shirt = 38 00 61 00 61 00 37 00 39 00 35 00 36 00 33 00 2D 00 61 00 63 00 65 00 31 00 2D 00 34 00 62 00 61 00 37 00 2D 00 61 00 64 00 30 00 63 00 2D 00 66 00 33 00 32 00 31 00 30 00 61 00 37 00 38 00 31 00 34 00 32 00 66 00
gay trucker hat =  66 00 65 00 31 00 35 00 63 00 61 00 35 00 33 00 2D 00 63 00 35 00 62 00 38 00 2D 00 34 00 61 00 63 00 66 00 2D 00 39 00 33 00 30 00 39 00 2D 00 66 00 66 00 33 00 66 00 34 00 65 00 36 00 31 00 30 00 66 00 63 00 39 00
retro gamer gloves = 34 00 38 00 38 00 35 00 36 00 38 00 33 00 65 00 2D 00 61 00 38 00 37 00 65 00 2D 00 34 00 64 00 32 00 37 00 2D 00 39 00 39 00 30 00 61 00 2D 00 63 00 31 00 36 00 66 00 31 00 64 00 66 00 37 00 61 00 32 00 38 00 66 00
rr default sash = 35 00 63 00 64 00 30 00 38 00 63 00 66 00 62 00 2D 00 63 00 37 00 32 00 39 00 2D 00 34 00 63 00 33 00 30 00 2D 00 39 00 36 00 64 00 39 00 2D 00 36 00 61 00 39 00 39 00 62 00 62 00 39 00 33 00 34 00 64 00 39 00 31 00
wrist tape gloves = 65 00 63 00 63 00 31 00 64 00 62 00 65 00 36 00 2D 00 63 00 61 00 30 00 36 00 2D 00 34 00 35 00 36 00 34 00 2D 00 62 00 32 00 61 00 36 00 2D 00 33 00 30 00 39 00 35 00 36 00 31 00 39 00 34 00 64 00 31 00 65 00 39 00
blue shirt= 32 00 65 00 35 00 39 00 64 00 38 00 64 00 30 00 2D 00 39 00 31 00 61 00 30 00 2D 00 34 00 34 00 34 00 39 00 2D 00 62 00 66 00 64 00 63 00 2D 00 61 00 35 00 64 00 36 00 36 00 33 00 66 00 64 00 39 00 33 00 34 00 33 00
baseball hat = 31 00 34 00 65 00 66 00 36 00 62 00 30 00 30 00 2D 00 64 00 65 00 62 00 66 00 2D 00 34 00 61 00 38 00 35 00 2D 00 39 00 37 00 35 00 35 00 2D 00 62 00 34 00 64 00 33 00 37 00 64 00 66 00 34 00 39 00 36 00 64 00 33 00
basic belt = 31 00 32 00 65 00 63 00 32 00 39 00 32 00 66 00 2D 00 30 00 63 00 63 00 64 00 2D 00 34 00 63 00 38 00 61 00 2D 00 61 00 34 00 39 00 63 00 2D 00 33 00 35 00 39 00 38 00 66 00 38 00 32 00 37 00 36 00 35 00 39 00 64 00 66 00
default glasses = 63 00 37 00 30 00 30 00 30 00 35 00 64 00 35 00 2D 00 36 00 32 00 37 00 36 00 2D 00 34 00 61 00 39 00 38 00 2D 00 61 00 63 00 62 00 33 00 2D 00 36 00 61 00 37 00 37 00 62 00 63 00 31 00 39 00 33 00 37 00 39 00 61 00
retro glasses = 35 00 35 00 62 00 31 00 61 00 64 00 00 61 00 32 00 2D 00 61 00 61 00 31 00 61 00 2D 00 34 00 62 00 38 00 61 00 2D 00 62 00 62 00 65 00 62 00 2D 00 66 00 31 00 30 00 62 00 61 00 37 00 37 00 63 00 38 00 33 00 31 00 38 00
-------------------------------------------------------------------------------------------------------------------------------------------------------------------------------------------------------------------------------------------------------------------------------------------------------------------------------------------------------------------------------------------------------------------------------------------------------------------

-------------------------------------------------------------------------------------------------------------------------------------------------------------------------------------------------------------------------------------------------------------------------------------------------------------------------------------------------------------------------------------------------------------------------------------------------------------------
UNRELEASED OR RARE

helmet hair 2.0 = 63 00 35 00 30 00 31 00 30 00 37 00 33 00 38 00 2D 00 34 00 31 00 66 00 61 00 2D 00 34 00 65 00 63 00 61 00 2D 00 61 00 65 00 61 00 63 00 2D 00 65 00 32 00 34 00 61 00 64 00 61 00 61 00 32 00 39 00 37 00 38 00 39 00

helmet hair = 30 00 31 00 38 00 62 00 33 00 39 00 65 00 64 00 2D 00 63 00 62 00 65 00 66 00 2D 00 34 00 66 00 66 00 66 00 2D 00 38 00 36 00 32 00 66 00 2D 00 66 00 33 00 39 00 33 00 37 00 33 00 62 00 33 00 32 00 65 00 32 00 65 00

banjo = 65 00 64 00 34 00 34 00 33 00 39 00 63 00 36 00 2D 00 65 00 64 00 61 00 64 00 2D 00 34 00 32 00 33 00 39 00 2D 00 39 00 33 00 34 00 66 00 2D 00 37 00 39 00 66 00 39 00 63 00 63 00 38 00 31 00 36 00 63 00 30 00 65 00 64 00

vigilante cape = 62 00 39 00 32 00 66 00 39 00 38 00 37 00 33 00 2D 00 35 00 66 00 62 00 64 00 2D 00 34 00 35 00 32 00 39 00 2D 00 38 00 30 00 33 00 65 00 2D 00 38 00 30 00 31 00 35 00 31 00 66 00 35 00 36 00 38 00 35 00 63 00 32 00 64 00

vigilante hat = 61 00 37 00 33 00 30 00 36 00 31 00 63 00 34 00 2D 00 64 00 63 00 62 00 35 00 2D 00 34 00 35 00 34 00 31 00 2D 00 61 00 30 00 33 00 61 00 2D 00 62 00 35 00 30 00 30 00 31 00 39 00 31 00 63 00 36 00 61 00 35 00 38 00

vigilante shirt = 38 00 34 00 38 00 30 00 35 00 66 00 62 00 35 00 2D 00 39 00 31 00 63 00 34 00 2D 00 34 00 36 00 31 00 39 00 2D 00 39 00 32 00 64 00 30 00 2D 00 64 00 37 00 63 00 31 00 39 00 66 00 66 00 61 00 33 00 65 00 35 00 62 00

vigilante belt = 33 00 62 00 37 00 39 00 32 00 62 00 35 00 39 00 2D 00 35 00 30 00 63 00 30 00 2D 00 34 00 63 00 32 00 38 00 2D 00 62 00 33 00 36 00 37 00 2D 00 66 00 63 00 36 00 39 00 34 00 62 00 31 00 64 00 36 00 35 00 64 00 31 00 66 00

hotdog hat = 62 00 36 00 64 00 31 00 30 00 39 00 35 00 32 00 2D 00 64 00 34 00 39 00 32 00 2D 00 34 00 35 00 65 00 35 00 2D 00 62 00 35 00 34 00 63 00 2D 00 64 00 65 00 33 00 61 00 62 00 31 00 33 00 38 00 62 00 65 00 30 00 62 00

hotdog shirt = 34 00 63 00 35 00 32 00 34 00 37 00 38 00 61 00 2D 00 62 00 32 00 63 00 39 00 2D 00 34 00 35 00 32 00 30 00 2D 00 38 00 66 00 38 00 38 00 2D 00 35 00 32 00 66 00 32 00 32 00 36 00 32 00 63 00 63 00 36 00 62 00 66 00

solar system hat = 	

wicked sorceress shirt = 36 00 37 00 64 00 38 00 64 00 35 00 39 00 39 00 2D 00 34 00 36 00 31 00 31 00 2D 00 34 00 32 00 38 00 66 00 2D 00 39 00 38 00 63 00 64 00 2D 00 39 00 38 00 64 00 38 00 61 00 35 00 32 00 37 00 61 00 63 00 65 00 35 00

wicked sorceress hat = 36 00 64 00 33 00 62 00 65 00 38 00 33 00 38 00 2D 00 38 00 35 00 63 00 66 00 2D 00 34 00 36 00 64 00 62 00 2D 00 62 00 33 00 33 00 64 00 2D 00 30 00 39 00 38 00 35 00 61 00 65 00 63 00 39 00 36 00 30 00 39 00 66 00

wicked sorceress backbling = 37 00 33 00 30 00 34 00 35 00 33 00 62 00 38 00 2D 00 61 00 33 00 35 00 32 00 2D 00 34 00 65 00 36 00 62 00 2D 00 39 00 35 00 37 00 33 00 2D 00 35 00 34 00 32 00 39 00 34 00 36 00 39 00 30 00 63 00 32 00 61 00 64 00 64 00

bat costume : 61 00 30 00 61 00 33 00 38 00 36 00 32 00 33 00 2D 00 32 00 30 00 30 00 33 00 2D 00 34 00 36 00 39 00 61 00 2D 00 62 00 30 00 36 00 66 00 2D 00 63 00 65 00 34 00 35 00 31 00 34 00 31 00 33 00 37 00 32 00 37 00 62 00 65 00

Girl Cow Shirt : 65 00 64 00 36 00 39 00 35 00 61 00 63 00 32 00 2D 00 66 00 66 00 37 00 30 00 2D 00 34 00 65 00 62 00 65 00 2D 00 62 00 31 00 64 00 62 00 2D 00 31 00 38 00 64 00 37 00 31 00 61 00 34 00 65 00 66 00 64 00 64 00 31 00 
 
HeadScarf Hat  : 30 00 37 00 31 00 66 00 31 00 37 00 39 00 61 00 2D 00 64 00 64 00 65 00 32 00 2D 00 34 00 30 00 37 00 66 00 2D 00 39 00 32 00 62 00 32 00 2D 00 66 00 30 00 63 00 31 00 36 00 66 00 63 00 62 00 34 00 65 00 33 00 39 00
 
HeadScarf Hat 2: 66 00 65 00 62 00 38 00 62 00 35 00 30 00 62 00 2D 00 64 00 33 00 64 00 61 00 2D 00 34 00 65 00 34 00 35 00 2D 00 62 00 34 00 64 00 30 00 2D 00 36 00 39 00 61 00 65 00 65 00 62 00 35 00 63 00 66 00 65 00 62 00 33 00

HeadScarf Hat 3: 63 00 34 00 31 00 34 00 35 00 38 00 38 00 62 00 2D 00 32 00 39 00 62 00 33 00 2D 00 34 00 61 00 31 00 63 00 2D 00 61 00 65 00 39 00 65 00 2D 00 37 00 61 00 64 00 32 00 35 00 31 00 39 00 30 00 31 00 34 00 32 00 39 00

Barrel Shirt: 38 00 66 00 31 00 33 00 37 00 62 00 31 00 66 00 2D 00 34 00 31 00 32 00 35 00 2D 00 34 00 36 00 35 00 37 00 2D 00 38 00 35 00 63 00 34 00 2D 00 62 00 63 00 64 00 62 00 37 00 34 00 64 00 33 00 62 00 30 00 63 00 32 00 65 00

Winter Shirt: 33 00 37 00 35 00 37 00 31 00 34 00 39 00 62 00 2D 00 66 00 34 00 37 00 38 00 2D 00 34 00 39 00 37 00 35 00 2D 00 38 00 31 00 65 00 35 00 2D 00 64 00 38 00 30 00 38 00 61 00 31 00 62 00 65 00 64 00 38 00 64 00 35 00

cat noir HAIR = 65 00 34 00 34 00 31 00 61 00 32 00 39 00 37 00 2D 00 32 00 32 00 62 00 61 00 2D 00 34 00 61 00 34 00 33 00 2D 00 39 00 32 00 65 00 66 00 2D 00 33 00 35 00 34 00 39 00 63 00 36 00 63 00 63 00 34 00 35 00 63 00 31 00

cat noir shirst = 37 00 61 00 35 00 63 00 62 00 35 00 38 00 39 00 2D 00 35 00 65 00 61 00 62 00 2D 00 34 00 64 00 39 00 35 00 2D 00 39 00 30 00 34 00 30 00 2D 00 65 00 39 00 62 00 66 00 64 00 63 00 39 00 35 00 39 00 30 00 66 00 63 00

Cat Noir Mask: 66 00 65 00 38 00 35 00 37 00 38 00 34 00 64 00 2D 00 30 00 37 00 30 00 64 00 2D 00 34 00 62 00 33 00 33 00 2D 00 38 00 32 00 61 00 32 00 2D 00 65 00 30 00 38 00 37 00 35 00 64 00 61 00 30 00 35 00 33 00 64 00 36 00 

Cat Noir Gloves: 66 00 30 00 61 00 62 00 63 00 62 00 39 00 30 00 2D 00 64 00 38 00 65 00 37 00 2D 00 34 00 31 00 34 00 61 00 2D 00 62 00 38 00 31 00 62 00 2D 00 61 00 32 00 61 00 61 00 66 00 61 00 63 00 64 00 34 00 64 00 61 00 63 00

Cat Noir Hat: 64 00 65 00 63 00 65 00 36 00 64 00 38 00 38 00 2D 00 62 00 36 00 62 00 31 00 2D 00 34 00 65 00 30 00 31 00 2D 00 62 00 33 00 34 00 31 00 2D 00 38 00 63 00 61 00 34 00 31 00 37 00 31 00 33 00 35 00 33 00 63 00 63 00 
 
Piano For Back: 64 00 37 00 34 00 31 00 30 00 65 00 35 00 34 00 2D 00 35 00 31 00 39 00 33 00 2D 00 34 00 38 00 62 00 39 00 2D 00 62 00 35 00 63 00 39 00 2D 00 30 00 36 00 65 00 34 00 34 00 33 00 39 00 64 00 64 00 39 00 32 00 34 00 64 00 

Ladybug Shirt = 32 00 36 00 62 00 38 00 63 00 30 00 35 00 61 00 2D 00 65 00 39 00 36 00 30 00 2D 00 34 00 30 00 33 00 39 00 2D 00 39 00 65 00 35 00 30 00 2D 00 34 00 65 00 32 00 37 00 62 00 65 00 66 00 61 00 61 00 34 00 34 00 63 00 

Ladybug Hair : 33 00 34 00 30 00 32 00 33 00 65 00 30 00 32 00 2D 00 66 00 35 00 39 00 66 00 2D 00 34 00 65 00 39 00 30 00 2D 00 62 00 32 00 34 00 35 00 2D 00 65 00 32 00 39 00 38 00 63 00 62 00 63 00 31 00 61 00 36 00 64 00 38 00

Ladybug Wrist: 39 00 38 00 31 00 35 00 39 00 39 00 39 00 61 00 2D 00 63 00 34 00 64 00 33 00 2D 00 34 00 37 00 34 00 31 00 2D 00 61 00 33 00 34 00 66 00 2D 00 32 00 35 00 34 00 35 00 62 00 30 00 63 00 62 00 38 00 65 00 31 00 31 00 

Ladybug Mask: 61 00 64 00 32 00 31 00 37 00 38 00 38 00 65 00 2D 00 31 00 39 00 39 00 35 00 2D 00 34 00 63 00 32 00 62 00 2D 00 39 00 63 00 37 00 66 00 2D 00 36 00 31 00 30 00 62 00 62 00 63 00 31 00 30 00 31 00 39 00 63 00 34 00 

moon and star earings = 33 00 62 00 63 00 65 00 62 00 35 00 31 00 63 00 2D 00 65 00 66 00 32 00 39 00 2D 00 34 00 39 00 34 00 32 00 2D 00 38 00 62 00 38 00 62 00 2D 00 61 00 31 00 35 00 65 00 64 00 34 00 61 00 34 00 31 00 34 00 35 00 31 00

braided beard = 62 00 39 00 39 00 38 00 37 00 64 00 30 00 63 00 2D 00 30 00 63 00 62 00 66 00 2D 00 34 00 31 00 64 00 63 00 2D 00 39 00 61 00 39 00 63 00 2D 00 38 00 66 00 64 00 62 00 35 00 31 00 36 00 35 00 38 00 30 00 30 00 65 00

og pumpkin shirt = 6F 00 6E 00 47 00 69 00 7A 00 6D 00 6F 00 2E 00 55 00 70 00 64 00 61 00 74 00 65 00 41 00 6E 00 69 00 6D 00 61 00 74 00 69 00 6F 00 6E 00 20 00 28 00 53 00 79 00 73 00 74 00 65 00 6D 00 2E 00 42 00 6F 00 6F 00 6C 00

Goblin Hat: 62 00 37 00 37 00 32 00 61 00 35 00 61 00 39 00 2D 00 64 00 64 00 37 00 39 00 2D 00 34 00 33 00 65 00 34 00 2D 00 38 00 64 00 39 00 35 00 2D 00 66 00 39 00 36 00 35 00 64 00 38 00 31 00 62 00 65 00 64 00 38 00 64 00

Mecha Shirt Torso: 30 00 38 00 64 00 66 00 61 00 33 00 66 00 39 00 2D 00 64 00 35 00 34 00 35 00 2D 00 34 00 37 00 30 00 37 00 2D 00 62 00 65 00 39 00 34 00 2D 00 36 00 33 0034 00 32 00 64 00 62 00 39 00 30 00 63 00 31 00 37 00 63 00 

Werewolf Shirt: 31 00 36 00 66 00 34 00 64 00 63 00 37 00 31 00 2D 00 64 00 33 00 35 00 61 00 2D 00 34 00 32 00 36 00 39 00 2D 00 62 00 39 00 32 00 35 00 2D 00 31 00 61 00 30 00 63 00 64 00 38 00 35 00 61 00 34 00 33 00 64 00 64 00 00  00 

santa hat = 65 00 30 00 30 00 35 00 66 00 39 00 61 00 62 00 2D 00 34 00 37 00 62 00 63 00 2D 00 34 00 63 00 35 00 62 00 2D 00 38 00 63 00 34 00 35 00 2D 00 62 00 30 00 63 00 63 00 36 00 63 00 35 00 35 00 61 00 62 00 31 00 63 00

2017 green winter shirt = 33 00 37 00 35 00 37 00 31 00 34 00 39 00 62 00 2D 00 66 00 34 00 37 00 38 00 2D 00 34 00 39 00 37 00 35 00 2D 00 38 00 31 00 65 00 35 00 2D 00 64 00 38 00 30 00 38 00 61 00 31 00 62 00 65 00 64 00 38 00 64 00 35 00

2017 winter hat  = 32 00 34 00 63 00 34 00 34 00 30 00 34 00 61 00 2D 00 38 00 33 00 39 00 66 00 2D 00 34 00 36 00 62 00 64 00 2D 00 39 00 38 00 62 00 36 00 2D 00 36 00 38 00 34 00 38 00 64 00 37 00 34 00 37 00 61 00 39 00 38 00 62 00

2017 winter gloves = 33 00 61 00 37 00 39 00 30 00 62 00 65 00 33 00 2D 00 32 00 39 00 33 00 37 00 2D 00 34 00 34 00 64 00 34 00 2D 00 62 00 65 00 30 00 31 00 2D 00 62 00 35 00 64 00 36 00 35 00 33 00 35 00 33 00 62 00 64 00 33 00 64 00

2017 winter scarf = 65 00 31 00 35 00 62 00 31 00 33 00 61 00 37 00 2D 00 39 00 65 00 39 00 61 00 2D 00 34 00 62 00 33 00 32 00 2D 00 62 00 61 00 32 00 63 00 2D 00 30 00 63 00 62 00 33 00 31 00 65 00 64 00 35 00 35 00 61 00 38 00 63 00

hockey shirt old = 64 00 36 00 62 00 30 00 61 00 31 00 65 00 37 00 2D 00 65 00 39 00 31 00 38 00 2D 00 34 00 33 00 65 00 35 00 2D 00 38 00 31 00 39 00 31 00 2D 00 33 00 61 00 38 00 64 00 39 00 64 00 30 00 31 00 64 00 66 00 37 00 63 00 

ytei gloves = 31 00 38 00 34 00 33 00 36 00 38 00 61 00 36 00 2D 00 31 00 37 00 66 00 61 00 2D 00 34 00 63 00 66 00 64 00 2D 00 62 00 62 00 35 00 37 00 2D 00 61 00 32 00 38 00 36 00 32 00 66 00 36 00 65 00 31 00 37 00 62 00 64 00

yeti mask = 34 00 35 00 39 00 66 00 66 00 30 00 61 00 30 00 2D 00 61 00 64 00 36 00 38 00 2D 00 34 00 33 00 33 00 37 00 2D 00 39 00 33 00 39 00 39 00 2D 00 35 00 37 00 65 00 33 00 62 00 30 00 33 00 65 00 34 00 62 00 66 00 36 00

yeti shirt = 37 00 35 00 32 00 34 00 62 00 33 00 66 00 33 00 2D 00 31 00 33 00 30 00 62 00 2D 00 34 00 31 00 62 00 31 00 2D 00 38 00 33 00 66 00 36 00 2D 00 39 00 63 00 32 00 34 00 31 00 62 00 64 00 39 00 32 00 62 00 62 00 34 00

guitar backbling = 37 00 31 00 61 00 66 00 63 00 32 00 31 00 35 00 2D 00 33 00 64 00 31 00 38 00 2D 00 34 00 66 00 33 00 36 00 2D 00 61 00 31 00 31 00 34 00 2D 00 66 00 31 00 31 00 63 00 34 00 35 00 33 00 65 00 34 00 36 00 64 00 32 00

saija helmet =  32 00 37 00 34 00 63 00 62 00 39 00 62 00 32 00 2D 00 32 00 66 00 35 00 39 00 2D 00 34 00 37 00 65 00 61 00 2D 00 39 00 61 00 38 00 64 00 2D 00 61 00 35 00 62 00 36 00 35 00 36 00 64 00 31 00 34 00 38 00 63 00 36

saija gloves = 35 00 30 00 63 00 39 00 63 00 36 00 66 00 38 00 2D 00 32 00 39 00 36 00 33 00 2D 00 34 00 65 00 66 00 33 00 2D 00 39 00 35 00 64 00 35 00 2D 00 65 00 39 00 39 00 39 00 61 00 38 00 39 00 38 00 32 00 36 00 39 00 66 00

saija shirt = 32 00 63 00 36 00 37 00 39 00 66 00 38 00 39 00 2D 00 63 00 37 00 36 00 65 00 2D 00 34 00 63 00 66 00 62 00 2D 00 39 00 34 00 65 00 39 00 2D 00 34 00 34 00 38 00 63 00 38 00 66 00 64 00 34 00 34 00 64 00 35 00 35 00

mothman helmet = 36 00 39 00 36 00 66 00 34 00 36 00 61 00 65 00 2D 00 65 00 61 00 66 00 33 00 2D 00 34 00 33 00 62 00 35 00 2D 00 39 00 36 00 33 00 35 00 2D 00 37 00 30 00 61 00 37 00 38 00 39 00 37 00 32 00 38 00 32 00 36 00 65 00

mothman gloves = 61 00 32 00 38 00 64 00 33 00 38 00 31 00 39 00 2D 00 65 00 35 00 65 00 30 00 2D 00 34 00 35 00 37 00 66 00 2D 00 38 00 33 00 36 00 33 00 2D 00 30 00 39 00 61 00 61 00 65 00 64 00 36 00 61 00 31 00 33 00 38 00 32 00

mothman shirt = 31 00 39 00 64 00 38 00 33 00 63 00 64 00 61 00 2D 00 36 00 39 00 32 00 66 00 2D 00 34 00 65 00 63 00 31 00 2D 00 38 00 64 00 61 00 30 00 2D 00 31 00 35 00 32 00 31 00 31 00 66 00 33 00 61 00 30 00 63 00 33 00 34 00

slyfox hat =  61 00 37 00 39 00 65 00 38 00 35 00 35 00 61 00 2D 00 63 00 34 00 66 00 63 00 2D 00 34 00 66 00 66 00 61 00 2D 00 62 00 65 00 32 00 66 00 2D 00 39 00 66 00 34 00 66 00 65 00 66 00 30 00 61 00 62 00 31 00 64 00 35

slyfox shirt = 63 00 63 00 33 00 30 00 66 00 37 00 66 00 37 00 2D 00 36 00 63 00 31 00 32 00 2D 00 34 00 61 00 39 00 36 00 2D 00 61 00 63 00 66 00 64 00 2D 00 31 00 31 00 61 00 65 00 63 00 39 00 38 00 34 00 63 00 32 00 65 00 34 00

slyfox  cape = 38 00 36 00 65 00 30 00 61 00 34 00 63 00 66 00 2D 00 62 00 31 00 31 00 32 00 2D 00 34 00 30 00 64 00 32 00 2D 00 39 00 34 00 62 00 39 00 2D 00 37 00 65 00 66 00 33 00 35 00 61 00 62 00 65 00 35 00 61 00 36 00 31 00

pioneer hat = 33 00 63 00 64 00 35 00 32 00 63 00 35 00 64 00 2D 00 30 00 63 00 34 00 36 00 2D 00 34 00 31 00 63 00 30 00 2D 00 38 00 32 00 35 00 34 00 2D 00 63 00 34 00 35 00 34 00 32 00 38 00 30 00 35 00 64 00 61 00 33 00 31 00

pioneer shirt = 62 00 62 00 36 00 65 00 65 00 37 00 66 00 61 00 2D 00 37 00 61 00 33 00 31 00 2D 00 34 00 61 00 31 00 36 00 2D 00 61 00 39 00 37 00 65 00 2D 00 62 00 65 00 36 00 65 00 61 00 63 00 34 00 32 00 63 00 35 00 39 00 35 00 65 00

pioneer gloves = 61 00 64 00 35 00 35 00 62 00 62 00 36 00 32 00 2D 00 36 00 37 00 31 00 61 00 2D 00 34 00 61 00 32 00 39 00 2D 00 61 00 65 00 63 00 38 00 2D 00 33 00 36 00 61 00 31 00 65 00 33 00 31 00 30 00 34 00 66 00 30 00 35 00

sonic hat = 62 00 37 00 62 00 61 00 36 00 39 00 32 00 30 00 2D 00 65 00 30 00 30 00 30 00 2D 00 34 00 30 00 38 00 31 00 2D 00 61 00 30 00 32 00 35 00 2D 00 37 00 64 00 61 00 36 00 37 00 63 00 38 00 30 00 33 00 30 00 30 00 38 00

vendor tray = 33 00 65 00 63 00 31 00 39 00 63 00 62 00 37 00 2D 00 64 00 30 00 61 00 33 00 2D 00 34 00 63 00 33 00 35 00 2D 00 61 00 37 00 65 00 30 00 2D 00 64 00 63 00 31 00 66 00 38 00 36 00 30 00 39 00 64 00 33 00 37 00 33 00 66 00

bishop shirt = 36 00 39 00 33 00 30 00 63 00 65 00 31 00 33 00 2D 00 34 00 62 00 65 00 34 00 2D 00 34 00 61 00 62 00 39 00 2D 00 39 00 38 00 31 00 37 00 2D 00 36 00 36 00 37 00 62 00 64 00 32 00 36 00 31 00 66 00 66 00 63 00 33 00 

bishop hair = 62 00 38 00 36 00 31 00 65 00 35 00 66 00 33 00 2D 00 66 00 63 00 36 00 64 00 2D 00 34 00 33 00 62 00 33 00 2D 00 39 00 38 00 36 00 31 00 2D 00 63 00 31 00 62 00 34 00 35 00 63 00 62 00 34 00 39 00 33 00 61 00 38 00 

bishop gloves = 61 00 62 00 63 00 32 00 35 00 30 00 39 00 31 00 2D 00 65 00 64 00 35 00 66 00 2D 00 34 00 63 00 37 00 32 00 2D 00 39 00 33 00 36 00 34 00 2D 00 66 00 66 00 66 00 65 00 65 00 66 00 31 00 62 00 63 00 32 00 33 00 39 00

random pullover hoodie? = 34 00 61 00 30 00 65 00 39 00 31 00 61 00 31 00 2D 00 34 00 35 00 36 00 32 00 2D 00 34 00 61 00 38 00 32 00 2D 00 39 00 32 00 62 00 65 00 2D 00 63 00 62 00 37 00 34 00 39 00 31 00 66 00 31 00 35 00 39 00 32 00 62 00 

golden headphones maybe? = 61 00 6B 00 41 00 68 00 6E 00 4E 00 30 00 63 00 46 00 6B 00 65 00 63 00 6A 00 38 00 71 00 33 00 73 00 70 00 69 00 78 00 6B 00 77 00

zombie shirt = 64 00 65 00 31 00 39 00 62 00 32 00 33 00 39 00 2D 00 33 00 65 00 64 00 30 00 2D 00 34 00 66 00 30 00 33 00 2D 00 61 00 63 00 62 00 36 00 2D 00 64 00 61 00 36 00 39 00 62 00 35 00 61 00 61 00 35 00 32 00 65 00 61 00 

zombie hat = 39 00 31 00 36 00 38 00 62 00 33 00 66 00 39 00 2D 00 63 00 37 00 65 00 35 00 2D 00 34 00 30 00 62 00 36 00 2D 00 62 00 62 00 32 00 63 00 2D 00 39 00 65 00 37 00 30 00 38 00 35 00 39 00 36 00 65 00 36 00 37 00 35 00 

zombie wrist = 35 00 66 00 31 00 62 00 63 00 33 00 63 00 32 00 2D 00 64 00 66 00 62 00 62 00 2D 00 34 00 32 00 35 00 38 00 2D 00 39 00 62 00 31 00 30 00 2D 00 36 00 30 00 38 00 35 00 33 00 35 00 65 00 33 00 34 00 64 00 62 00 32 00 

conductor contest shirt = 35 00 31 00 35 00 34 00 62 00 65 00 30 00 39 00 2D 00 62 00 62 00 38 00 61 00 2D 00 34 00 39 00 31 00 37 00 2D 00 39 00 35 00 61 00 30 00 2D 00 35 00 31 00 63 00 39 00 31 00 62 00 36 00 61 00 34 00 65 00 30 00 39 00

stranded contest astronaut shirt = 61 00 65 00 37 00 63 00 39 00 64 00 31 00 66 00 2D 00 64 00 33 00 37 00 31 00 2D 00 34 00 64 00 66 00 65 00 2D 00 61 00 36 00 64 00 66 00 2D 00 64 00 37 00 34 00 36 00 36 00 32 00 36 00 30 00 36 00 61 00 61 00 65 00

hidden worlds shirt = 66 00 35 00 31 00 61 00 62 00 65 00 61 00 65 00 2D 00 37 00 63 00 35 00 64 00 2D 00 34 00 30 00 36 00 35 00 2D 00 61 00 61 00 32 00 61 00 2D 00 62 00 32 00 65 00 37 00 30 00 32 00 35 00 62 00 33 00 66 00 63 00 64 00 

contest tophat = 37 00 64 00 63 00 36 00 63 00 39 00 31 00 36 00 2D 00 62 00 38 00 38 00 37 00 2D 00 34 00 39 00 32 00 39 00 2D 00 39 00 33 00 62 00 35 00 2D 00 64 00 63 00 65 00 61 00 33 00 30 00 32 00 32 00 65 00 36 00 61 00 39 00

scarecrow 2018 shirt = 31 00 66 00 63 00 61 00 66 00 34 00 66 00 64 00 2D 00 39 00 30 00 31 00 32 00 2D 00 34 00 30 00 37 00 65 00 2D 00 62 00 36 00 39 00 31 00 2D 00 66 00 62 00 63 00 33 00 63 00 63 00 66 00 32 00 32 00 34 00 32 00 31 00

contest international theif coat = 35 00 38 00 37 00 33 00 38 00 31 00 34 00 65 00 2D 00 63 00 39 00 61 00 31 00 2D 00 34 00 30 00 34 00 32 00 2D 00 62 00 39 00 36 00 64 00 2D 00 32 00 61 00 61 00 30 00 65 00 30 00 64 00 35 00 32 00 65 00 32 00 61 00

hidden worlds contest fae horns = 64 00 31 00 35 00 31 00 33 00 39 00 64 00 65 00 2D 00 35 00 65 00 35 00 37 00 2D 00 34 00 32 00 33 00 62 00 2D 00 62 00 38 00 64 00 61 00 2D 00 33 00 33 00 35 00 61 00 64 00 37 00 61 00 34 00 64 00 66 00 35 00 61 00

contest sea captain shirt = 64 00 38 00 36 00 65 00 32 00 65 00 36 00 35 00 2D 00 35 00 64 00 38 00 37 00 2D 00 34 00 36 00 36 00 64 00 2D 00 62 00 38 00 38 00 35 00 2D 00 38 00 63 00 35 00 32 00 61 00 63 00 32 00 65 00 65 00 65 00 62 00 30 00

InternationalThiefHat = 64 00 31 00 32 00 65 00 35 00 37 00 33 00 38 00 2D 00 30 00 30 00 63 00 37 00 2D 00 34 00 37 00 65 00 37 00 2D 00 39 00 33 00 33 00 34 00 2D 00 38 00 33 00 39 00 39 00 65 00 65 00 63 00 35 00 61 00 61 00 38 00 39 00 
-------------------------------------------------------------------------------------------------------------------------------------------------------------------------------------------------------------------------------------------------------------------------------------------------------------------------------------------------------------------------------------------------------------------------------------------------------------------


MENU ID SWAPS

(swap notification and customization menus to change items mid game)
(SOME OF THESE MENU SWAPS WILL NOT WORK)

Switch the 4 bytes to array of bytes, switch the noti and customisation screen ui hex codes, now you can change clothes in any map with then notification menu.


notifications menu = 63 00 66 00 34 00 30 00 62 00 62 00 34 00 61 00 38 00 39 00 39 00 61 00 63 00 64 00 61 00 34 00 31 00 38 00 61 00 32 00 34 00 63 00 33 00 66 00 38 00 35 00 32 00 64 00 34 00 39 00 35 00 65 00

customization menu = 61 00 39 00 37 00 39 00 38 00 63 00 61 00 64 00 66 00 31 00 30 00 32 00 33 00 65 00 66 00 34 00 63 00 61 00 31 00 36 00 39 00 33 00 64 00 34 00 33 00 63 00 66 00 65 00 62 00 39 00 39 00 39 00

dev menu = 41 00 73 00 73 00 65 00 74 00 73 00 2F 00 52 00 52 00 55 00 49 00 2F 00 50 00 72 00 65 00 66 00 61 00 62 00 73 00 2F 00 57 00 61 00 74 00 63 00 68 00 4D 00 65 00 6E 00 75 00 2F 00 50 00 61 00 67 00 65 00 73 00 2F 00 53 00 65 00 74 00 74 00 69 00 6E 00 67 00 73 00 2F 00 28 00 57 00 61 00 74 00 63 00 68 00 5F 00 53 00 65 00 74 00 74 00 69 00 6E 00 67 00 73 00 5F 00 50 00 61 00 67 00 65 00 5F 00 44 00 65 00 76 00 4F 00 6E 00 6C 00 79 00 5F 00 54 00 61 00 62 00 29 00 2E 00 70 00 72 00 65 00 66 00 61 00 62 00


comfort menu = 41 00 73 00 73 00 65 00 74 00 73 00 2F 00 52 00 52 00 55 00 49 00 2F 00 50 00 72 00 65 00 66 00 61 00 62 00 73 00 2F 00 57 00 61 00 74 00 63 00 68 00 4D 00 65 00 6E 00 75 00 2F 00 50 00 61 00 67 00 65 00 73 00 2F 00 53 00 65 00 74 00 74 00 69 00 6E 00 67 00 73 00 2F 00 28 00 57 00 61 00 74 00 63 00 68 00 5F 00 53 00 65 00 74 00 74 00 69 00 6E 00 67 00 73 00 5F 00 50 00 61 00 67 00 65 00 5F 00 43 00 6F 00 6D 00 66 00 6F 00 72 00 74 00 5F 00 54 00 61 00 62 00 29 00 2E 00 70 00 72 00 65 00 66 00 61 00 62 00


Settings:
Audio Tab: 30 00 37 00 34 00 62 00 39 00 38 00 38 00 30 00 34 00 65 00 66 00 35 00 31 00 33 00 62 00 34 00 62 00 62 00 66 00 62 00 62 00 36 00 64 00 64 00 35 00 30 00 34 00 37 00 62 00 61 00 37 00 37 00 20 00
Visual Tab: 33 00 39 00 35 00 35 00 33 00 34 00 33 00 30 00 36 00 33 00 36 00 63 00 35 00 65 00 38 00 34 00 32 00 61 00 37 00 30 00 33 00 39 00 32 00 63 00 66 00 31 00 38 00 36 00 61 00 66 00 66 00 39 00
Experience Tab : 35 00 31 00 37 00 61 00 39 00 32 00 37 00 36 00 34 00 38 00 35 00 64 00 65 00 33 00 39 00 34 00 39 00 38 00 31 00 38 00 65 00 36 00 39 00 63 00 62 00 65 00 64 00 63 00 31 00 61 00 34 00 36 00
Comfort Tab : 32 00 65 00 37 00 36 00 33 00 31 00 34 00 39 00 36 00 31 00 32 00 36 00 66 00 33 00 62 00 34 00 62 00 62 00 32 00 38 00 66 00 36 00 33 00 33 00 64 00 64 00 33 00 63 00 65 00 66 00 65 00 34 00
Misc Tab : 64 00 61 00 63 00 64 00 37 00 33 00 33 00 63 00 61 00 39 00 61 00 30 00 31 00 64 00 64 00 34 00 37 00 62 00 39 00 64 00 33 00 62 00 36 00 32 00 61 00 36 00 37 00 65 00 63 00 66 00 62 00 34 00

Useful : 
ShareCamera UI 35 00 61 00 35 00 32 00 38 00 34 00 39 00 37 00 65 00 34 00 36 00 64 00 30 00 32 00 39 00 34 00 61 00 62 00 64 00 65 00 30 00 32 00 33 00 31 00 64 00 38 00 61 00 33 00 38 00 63 00 39 00 32 00
MakerPen UI : 64 00 35 00 62 00 30 00 35 00 30 00 61 00 64 00 32 00 62 00 31 00 34 00 64 00 37 00 35 00 34 00 65 00 38 00 34 00 33 00 31 00 35 00 34 00 37 00 64 00 63 00 61 00 63 00 62 00 66 00 30 00 39 00
CharadesPen UI: 64 00 35 00 62 00 30 00 35 00 30 00 61 00 64 00 32 00 62 00 31 00 34 00 64 00 37 00 35 00 34 00 65 00 38 00 34 00 33 00 31 00 35 00 34 00 37 00 64 00 63 00 61 00 63 00 62 00 66 00 30 00 39 00
Customize UI; 61 00 39 00 37 00 39 00 38 00 63 00 61 00 64 00 66 00 31 00 30 00 32 00 33 00 65 00 66 00 34 00 63 00 61 00 31 00 36 00 39 00 33 00 64 00 34 00 33 00 63 00 66 00 65 00 62 00 39 00 39 00 39 00
Trending Photos : 32 00 64 00 31 00 64 00 37 00 31 00 38 00 62 00 61 00 66 00 61 00 31 00 63 00 61 00 61 00 34 00 64 00 38 00 32 00 64 00 34 00 62 00 32 00 61 00 62 00 36 00 36 00 32 00 63 00 37 00 62 00 38 00

Devs : 
DevOnly UI : 66 00 33 00 36 00 34 00 61 00 31 00 62 00 38 00 33 00 66 00 35 00 36 00 35 00 31 00 32 00 34 00 66 00 61 00 33 00 30 00 34 00 39 00 65 00 64 00 61 00 38 00 38 00 30 00 39 00 34 00 62 00 36 00 0A 00

Backpack:
Tools: 63 00 39 00 37 00 62 00 31 00 33 00 39 00 35 00 61 00 61 00 64 00 63 00 65 00 64 00 32 00 34 00 63 00 62 00 66 00 31 00 66 00 30 00 63 00 35 00 30 00 66 00 63 00 66 00 65 00 36 00 31 00 33 00 0A 00
Skins: 39 00 35 00 31 00 30 00 63 00 32 00 36 00 61 00 32 00 63 00 37 00 37 00 38 00 35 00 32 00 34 00 36 00 38 00 66 00 34 00 64 00 35 00 35 00 33 00 31 00 38 00 37 00 38 00 39 00 61 00 63 00 30 00 0A 00
Food: 39 00 39 00 36 00 37 00 32 00 31 00 34 00 61 00 62 00 37 00 39 00 62 00 65 00 34 00 35 00 34 00 66 00 38 00 65 00 37 00 66 00 36 00 30 00 35 00 32 00 64 00 36 00 38 00 38 00 38 00 63 00 62 00 0A 00
Other: 37 00 64 00 38 00 32 00 61 00 34 00 33 00 63 00 33 00 62 00 32 00 65 00 31 00 62 00 34 00 34 00 30 00 38 00 30 00 39 00 33 00 63 00 31 00 63 00 39 00 61 00 34 00 31 00 63 00 37 00 30 00 35 00 0A 00
Room: 32 00 33 00 62 00 37 00 32 00 65 00 37 00 39 00 32 00 39 00 31 00 34 00 62 00 65 00 61 00 34 00 62 00 39 00 35 00 35 00 65 00 30 00 66 00 35 00 62 00 35 00 61 00 61 00 30 00 65 00 33 00 37 00 0A 00

Other:
Bug Report UI: 62 00 37 00 31 00 35 00 39 00 64 00 39 00 63 00 39 00 36 00 66 00 61 00 35 00 66 00 35 00 34 00 33 00 38 00 33 00 37 00 32 00 33 00 32 00 33 00 31 00 36 00 61 00 33 00 33 00 37 00 62 00 35 00 0A 00
Challenges UI: 64 00 36 00 36 00 36 00 63 00 65 00 66 00 37 00 35 00 37 00 31 00 63 00 37 00 63 00 36 00 34 00 31 00 61 00 30 00 35 00 63 00 36 00 39 00 35 00 65 00 37 00 63 00 32 00 31 00 36 00 30 00 36 00 0A 00
Test Case Management: 32 00 63 00 30 00 35 00 39 00 37 00 31 00 30 00 39 00 38 00 63 00 38 00 65 00 30 00 39 00 34 00 30 00 39 00 37 00 31 00 30 00 31 00 66 00 64 00 30 00 30 00 37 00 31 00 63 00 31 00 34 00 38 00 0A 00
Room Settings 2.0: 62 00 33 00 32 00 62 00 63 00 65 00 32 00 63 00 62 00 36 00 65 00 32 00 36 00 36 00 33 00 34 00 65 00 61 00 31 00 33 00 65 00 62 00 36 00 34 00 32 00 31 00 62 00 33 00 36 00 36 00 39 00 37 00 0A 00
Reward Picker 2.0: 30 00 65 00 33 00 35 00 61 00 38 00 34 00 39 00 33 00 31 00 36 00 66 00 32 00 32 00 34 00 34 00 31 00 62 00 37 00 31 00 63 00 30 00 36 00 30 00 61 00 34 00 39 00 31 00 64 00 61 00 62 00 63 00

Store:
Inventions Store: 33 00 30 00 39 00 30 00 35 00 62 00 66 00 65 00 34 00 34 00 65 00 66 00 63 00 35 00 35 00 34 00 36 00 39 00 36 00 36 00 62 00 32 00 63 00 65 00 38 00 39 00 34 00 62 00 35 00 62 00 64 00 63 00
Inventions Store Carousel Results: 63 00 63 00 35 00 66 00 64 00 38 00 32 00 38 00 39 00 32 00 64 00 37 00 35 00 30 00 39 00 34 00 62 00 39 00 33 00 61 00 38 00 37 00 38 00 64 00 35 00 61 00 35 00 62 00 31 00 32 00 30 00 35 00
Rec Room Plus Store: 38 00 31 00 62 00 30 00 30 00 35 00 38 00 34 00 35 00 36 00 64 00 35 00 39 00 39 00 35 00 34 00 31 00 39 00 36 00 62 00 64 00 33 00 32 00 32 00 38 00 61 00 33 00 34 00 33 00 35 00 36 00 37 00
UGC StoreFront: 61 00 61 00 32 00 38 00 65 00 63 00 64 00 35 00 64 00 66 00 66 00 31 00 30 00 33 00 32 00 34 00 36 00 38 00 39 00 31 00 36 00 32 00 64 00 63 00 30 00 37 00 35 00 39 00 63 00 63 00 34 00 35 00

Gifts:
Friendotron: 66 00 34 00 63 00 39 00 38 00 32 00 64 00 38 00 63 00 36 00 37 00 65 00 31 00 33 00 31 00 34 00 66 00 39 00 65 00 38 00 62 00 32 00 34 00 30 00 37 00 61 00 38 00 35 00 33 00 35 00 30 00 30 00

Watches:
Orientation Watch: 31 00 61 00 63 00 31 00 35 00 31 00 37 00 37 00 38 00 33 00 30 00 62 00 37 00 37 00 63 00 34 00 32 00 39 00 33 00 38 00 66 00 66 00 34 00 65 00 62 00 36 00 64 00 64 00 62 00 62 00 32 00 34 00

Room Settings Tabs:
Moderation Settings: 38 00 34 00 34 00 38 00 31 00 64 00 62 00 63 00 62 00 64 00 32 00 37 00 64 00 31 00 31 00 34 00 64 00 39 00 30 00 64 00 32 00 38 00 65 00 65 00 65 00 61 00 36 00 62 00 30 00 30 00 33 00 66 00
SubRoom Settings: 39 00 63 00 63 00 38 00 65 00 65 00 37 00 63 00 66 00 36 00 64 00 64 00 65 00 31 00 37 00 34 00 32 00 62 00 64 00 31 00 39 00 64 00 35 00 65 00 65 00 30 00 39 00 61 00 61 00 61 00 30 00 32 00
Key Settings: 39 00 32 00 35 00 63 00 36 00 39 00 36 00 35 00 31 00 38 00 36 00 36 00 32 00 63 00 39 00 34 00 65 00 39 00 63 00 38 00 62 00 38 00 66 00 64 00 37 00 66 00 34 00 61 00 38 00 30 00 39 00 61 00
Currency Settings: 38 00 62 00 39 00 38 00 35 00 31 00 32 00 39 00 63 00 66 00 38 00 36 00 32 00 32 00 37 00 34 00 31 00 61 00 64 00 38 00 61 00 36 00 32 00 32 00 65 00 61 00 61 00 63 00 38 00 38 00 33 00 36 00
Cloud Data: 30 00 66 00 64 00 66 00 66 00 37 00 65 00 37 00 31 00 66 00 62 00 34 00 37 00 62 00 65 00 34 00 37 00 39 00 63 00 31 00 65 00 38 00 36 00 31 00 30 00 64 00 34 00 62 00 31 00 61 00 64 00 62 00
Consumables Settings: 36 00 64 00 64 00 30 00 31 00 37 00 63 00 64 00 35 00 62 00 38 00 38 00 66 00 63 00 36 00 34 00 39 00 61 00 30 00 36 00 33 00 61 00 38 00 63 00 36 00 37 00 66 00 31 00 61 00 36 00 39 00 62 00
Earning Distribution Settings: 63 00 39 00 62 00 36 00 38 00 30 00 62 00 64 00 30 00 62 00 62 00 37 00 32 00 39 00 33 00 34 00 34 00 39 00 64 00 35 00 64 00 66 00 66 00 34 00 33 00 66 00 37 00 37 00 63 00 34 00 65 00 34 00

